31.1664895843395 0.058054438320340296
39.077700045535494 0.13278506049621797
46.988910506731486 0.20929498320009277
62.811331429123356 0.35964587781584645
58.85572619852542 0.28580490590396757
74.6781471209174 0.4352661502557227
90.50056804330927 0.5099967724316004
102.36738373510332 0.5873963453994737
118.18980465749519 0.660347667047354
165.65706742467103 0.7579550102974799
236.85796157543484 0.8161982178405536
323.88127664859053 0.8477403635641383
410.9045917217462 0.8632688045357493
497.9279067949019 0.8729740801430059
584.9512218680577 0.879767773068086
671.9745369412133 0.8855909384324401
758.9978520143691 0.8918993675771567
846.0211670875246 0.8972372691611481
933.0444821606804 0.9042735939764093
1020.067797233836 0.9110672869014891
1107.0911123069918 0.9198020349480203
1194.1144273801474 0.9295073105552771
1281.1377424533032 0.940425745613441
1368.161057526459 0.9532852357930564
1455.1843725996146 0.9683284129843046
1542.2076876727704 0.9850700134068225
1629.2310027459262 1.0052084602918805
1714.2765152037828 1.0277732260787524
1827.0112642758254 1.0576169485710674
1914.034579348981 1.0908575175259219
2001.0578944221365 1.1253112459316839
2088.0812094952926 1.1631618207999854
2175.104524568448 1.2078060885933668
2262.1278396416037 1.2592440493118282
2345.1955494841613 1.3146854362182827
2424.307654096121 1.3742030388797852
2491.552943016287 1.4314520333680916
2546.931416244659 1.4868327623020008
2602.3098894730306 1.5436432863030507
2653.7327574708042 1.6020424714898123
2701.2000202379804 1.662093864309714
2736.8004673133623 1.706576377509641
