0.180915278	0.00935403
24.83752122	0.104583147
29.58424749	0.173495457
34.33097377	0.242152733
64.90872211	0.360218978
86.54496281	0.477969363
94.45617327	0.554924111
112.2563968	0.632101271
137.9678308	0.701493992
205.2131197	0.774465533
292.2364348	0.800427145
379.2597499	0.803338728
466.283065	0.8023682
553.30638	0.801284444
636.3740899	0.795876988
735.2642206	0.795590683
822.2875357	0.803484307
909.3108508	0.811588212
990.1810022	0.82092954
1079.401876	0.834701326
1170.380796	0.853806161
1265.315322	0.876613558
1352.338637	0.898935692
1439.361952	0.924654673
1526.385267	0.953527868
1613.408582	0.981915799
1700.431897	1.012487417
1779.544002	1.048828282
1902.636917	1.085583942
2068.965517	1.151277372
2202.793761	1.206592929
2305.639497	1.251520267
2408.485233	1.295202095
2499.464153	1.333004144
2578.576258	1.36572912
2673.510784	1.401911601
2752.622888	1.422777943
