50.35304287	170.8630183
97.90664997	170.6563322
182.5365957	170.4272152
249.5403437	169.9525316
327.7373951	169.5004216
414.907889	168.972224
502.0641278	168.2526504
595.5597071	167.4902087
687.4662318	166.6818367
775.8443875	165.8098429
859.3820126	164.9977284
944.8545675	164.1444469
1032.874417	163.1926705
1120.007278	162.1592404
1207.129874	160.9880197
1294.260796	159.9285625
1381.385901	158.7910239
1468.51477	157.7040085
1555.632805	156.4715475
1642.753121	155.2697066
1729.866024	153.9683502
1816.099223	152.6831544
1899.68159	151.289087
1988.019952	149.8828566
2078.294257	148.449068
2164.605448	147.028293
2252.490983	145.4559483
2339.594762	144.0321113
2402.947227	143.0537975
2467.181717	141.7879747
2571.335125	140.0474684
2649.441341	138.6234177
2749.876246	136.9620253
