11.29693798	171.5348101
42.46672899	171.424898
129.6489692	171.0543942
223.1277845	170.0668943
303.9323662	169.2248402
406.0535146	168.3640737
501.1225249	167.4378142
583.19876	166.5197413
664.3989661	165.6671615
771.3481102	164.5782323
858.490664	163.6749379
963.240723	162.6287494
1058.922814	161.6547735
1141.70489	160.7516704
1230.826678	159.8106749
1318.955719	158.8465229
1396.191058	157.9834174
1472.435898	157.127329
1563.519021	155.9083554
1667.618328	154.5730981
1831.088089	152.2310127
1950.121396	150.2531646
2187.791887	146.0950163
2294.661608	143.9398255
2442.369369	140.1178354
2556.201824	136.8829114
2671.39877	133.4018987
2745.715767	131.1075949
