44.199008817209574 0.6059801618214751
37.32577439342538 0.2901132925637997
33.51629733079665 0.10382542489805324
51.86200083025858 0.9256003370834147
62.47289094887901 1.2540920486601586
73.04919536427019 1.5374969949979418
86.54815287951931 1.7734545236486507
95.83119225460155 1.9747959617032178
109.75240687398855 2.1845230635853703
137.40670043493765 2.4227587929702605
170.17008754910034 2.629083929073118
224.59930446676844 2.7968367209625655
295.47375286125305 2.912254181305421
391.8524561040567 3.0183417284342786
485.18012445696127 3.085488925295804
566.1865989140849 3.1376325603509563
653.3555681212192 3.194995869259927
740.549620400393 3.222196784041122
821.7711297441726 3.2806045254188736
912.5154453972816 3.3290793649719963
998.1012735241004 3.383296208769843
1097.1841135406453 3.415781975792606
1194.4568692434493 3.457992295781174
1288.5547793913597 3.4794425747555766
1374.5916412066335 3.536112440812058
1461.7609070399365 3.5931190567531845
1548.9264210062245 3.654637292778912
1636.089494162897 3.719090602368612
1718.8401627777305 3.792589222989395
1806.4471864167188 3.852879192646454
1897.548687346308 3.94855714078012
1988.649842464267 4.044650927399257
2082.9114663239698 4.15402828045176
2173.032028801681 4.263973063852619
2254.871093902245 4.3743006802763205
2316.0648742467392 4.415288808384811
2381.9949666023986 4.5874200086504535
2424.2913296197003 4.576006525428827
2483.595121522245 4.770957294770407
2594.421701248879 4.983148166841401
2668.9633370824877 5.2423014602020155
2730.809748781955 5.261017000130617
