12.41844603	0.027407403
26.36602906	0.259095941
34.33607651	0.486772773
42.30612396	0.740229271
50.27617141	1.004210126
58.24621886	1.229177355
67.41177343	1.536722854
78.56983986	1.803399239
96.10394425	2.101997753
113.6380486	2.310479031
135.9541815	2.510684758
163.7010676	2.677333904
217.0818505	2.857985712
277.5800712	2.955957509
348.7544484	3.040322043
435.6279656	3.092007502
526.4865065	3.134599588
621.3300712	3.176058543
711.5687195	3.21073058
795.8741103	3.230599436
885.1386418	3.265301829
972.8091637	3.303136401
1060.479686	3.34556342
1148.150208	3.389521256
1235.82073	3.436540722
1323.491251	3.487387228
1411.161773	3.545275486
1492.63337	3.612189261
1582.517794	3.681473409
1674.173339	3.76195618
1763.614983	3.848953603
1843.315457	3.931577094
1937.184905	4.044615029
2040.795522	4.181247138
2128.466044	4.302511165
2216.136566	4.438317941
2303.807088	4.588667465
2391.47761	4.751263515
2475.163108	4.923335641
2554.863582	5.110547861
2626.594009	5.297309144
2690.354389	5.475410491
2746.144721	5.63243316
