14.23487544	0.03015546
42.70462633	0.812217376
71.17437722	1.594279293
92.52669039	2.10563776
131.6725979	2.594506729
170.8185053	2.767586225
224.1992883	2.910644048
306.5131969	3.044372985
390.9956999	3.107300949
450.7710558	3.13795063
548.8026394	3.173260038
823.7692764	3.213865332
909.0487841	3.242429481
996.719306	3.270313752
1084.389828	3.305086693
1172.06035	3.340625042
1259.730872	3.382286653
1347.401394	3.433898567
1435.071916	3.490868335
1522.742438	3.55625759
1610.41296	3.634658778
1698.083482	3.710763742
1781.76898	3.813566459
1881.394573	3.925920158
1973.050119	4.042453637
2060.720641	4.192229106
2131.672598	4.316311241
2206.405694	4.444411741
2302.491103	4.640261686
2427.046263	4.873812645
2537.366548	5.129866481
2669.039146	5.416075777
2754.448399	5.679554759
