26.32661138191986 0.04823715434601317
54.01294006189437 0.20800794312655335
29.58002275151034 0.1387739346549859
44.333536049261966 0.2825676445574721
63.54988103008202 0.3651158854274179
70.93724662907596 0.43568131713882297
98.19682608064386 0.5064834463150885
127.40978829583264 0.6092693204305693
157.62424522528443 0.6556509283494756
231.26373811067026 0.6840028465622445
303.19624911778965 0.7187310291672051
398.3636316724718 0.7473822911764139
493.6738108561225 0.7581125762500698
596.879602934246 0.7756232574525297
696.1599599781999 0.7869361282507077
795.4095908695095 0.8021051312057084
894.6936498706317 0.8129534063792718
996.9123096674324 0.8392322872279274
1098.9466348755632 0.8502728584013521
1197.7225391479956 0.8609407177699901
1303.5762376096923 0.8786990859624642
1404.1630649692215 0.8923299012200929
1503.1712771832376 0.9140426668805595
1598.9351377342723 0.9248462154552435
1748.0217235770774 0.9708602026240392
1814.9947368824846 0.9905987987144942
1902.7475322183946 1.007527598649173
1994.6904227760378 1.0417806805327343
2097.0027133582407 1.0716578180346954
2192.0636215065206 1.113671618047356
2295.0208891050224 1.162372121442313
2393.9171684754897 1.2218867402630644
2492.710894661481 1.2942717837355815
2595.3758267456137 1.379660394183848
2693.935499284473 1.4814191703714539
