4.056795132	0.007116788
31.16648958	0.071918155
33.80355974	0.160364219
41.7147702	0.255556797
46.98891051	0.320501266
70.72254189	0.40056979
78.63375235	0.464624609
98.4117785	0.579389493
110.2785942	0.645223613
137.9678308	0.705163799
158.2150101	0.762591241
210.9533469	0.831021898
259.6348884	0.863868613
356.9979716	0.896715328
501.2242445	0.927242746
672.765658	0.972525945
759.8768754	0.989518265
846.8122881	1.007222305
933.9235055	1.025104275
1020.858918	1.042452455
1114.211202	1.063003377
1198.070033	1.080885347
1288.257832	1.101703163
1378.445631	1.121453399
1462.304462	1.14040295
1549.239875	1.160627666
1637.142213	1.182038582
1725.044552	1.204813629
1898.212158	1.250509301
1985.235473	1.274529858
2071.467668	1.300006207
2227.180527	1.345620438
2434.077079	1.411313869
2762.677485	1.529014599
