0.180915278	0.00935403
24.83752122	0.104583147
29.58424749	0.173495457
34.33097377	0.242152733
64.90872211	0.360218978
86.54496281	0.477969363
94.45617327	0.554924111
112.2563968	0.632101271
137.9678308	0.701493992
205.2131197	0.774465533
292.2364348	0.800427145
379.2597499	0.803338728
466.283065	0.8023682
553.30638	0.801284444
636.3740899	0.795876988
735.2642206	0.795590683
822.2875357	0.803484307
909.3108508	0.811588212
990.1810022	0.82092954
1079.401876	0.834701326
1170.380796	0.853806161
1265.315322	0.876613558
1352.338637	0.898935692
1439.361952	0.924654673
1526.385267	0.953527868
1613.408582	0.981915799
1700.431897	1.012487417
1779.544002	1.048828282
1886.409736	1.096532847
1983.772819	1.148540146
2077.079108	1.195072993
2158.21501	1.241605839
2255.578093	1.290875912
2336.713996	1.340145985
2409.736308	1.386678832
2503.042596	1.441423358
2592.292089	1.487956204
2661.257606	1.537226277
2734.279919	1.581021898
