3.558718861	0.007558933
24.3735172	0.292666163
42.97029458	0.622499286
52.26868327	1.092622222
56.253707	1.627274578
60.23873072	1.366285487
80.16384935	1.879949052
92.52669039	2.083081369
142.3487544	2.564471677
188.6120996	2.752615525
245.5516014	2.873130335
348.7544484	2.963743879
472.467296	3.051576545
566.3367438	3.068363027
654.0072657	3.09494894
741.6777877	3.122345617
829.3483096	3.162782576
917.0188316	3.176608856
1004.689353	3.206687296
1089.039022	3.230391862
1173.509449	3.267789177
1264.80272	3.304769907
1361.633621	3.347652338
1456.989546	3.36011383
1576.080448	3.423532281
1666.203292	3.44471934
1771.407918	3.496954826
1864.657473	3.543612562
1952.239439	3.595207134
2039.998517	3.644463625
2127.580483	3.699706641
2215.339561	3.75626002
2302.921527	3.815432129
2391.47761	3.881530589
2475.960113	3.944152391
2566.818654	4.016901545
2654.489176	4.090174501
2744.333347	4.150724344
