50.285093126383515 169.95079294321837
122.45267631329051 169.05362252997452
218.39304625604353 167.99918362089375
310.3547670020519 168.36186229382432
399.01480626610356 168.47887501227518
486.9773145889755 167.93990568247602
572.55534798949 167.3200535893327
658.9156517041281 166.55861610686384
744.4786719445985 165.73721234013092
831.6327511345039 164.98864625669168
929.853120291875 163.79512199637685
1019.7958472814603 162.47142277922575
1088.2411726832415 161.44185406334483
1154.430944182945 160.541658087599
1220.648194260666 160.01036202173563
1305.1579635925345 158.850609796687
1397.1699820835227 157.82102125221564
1436.7470195856301 156.96453189622758
1504.3879426020642 156.2472744961935
1597.4161853398596 154.82502698409857
1708.406805362136 153.25458168839035
1805.8507428601572 152.28102675773906
1896.1406112564644 151.05617334450443
1983.250792196114 149.71827325137576
2071.948256631759 148.40252537912016
2159.078056108545 147.3280041470467
2244.5959282579033 145.9004872571344
2328.4353438311396 145.00074693839184
2384.800791923172 144.2398908742592
