15.05669095	172.0094937
58.35201647	171.8135953
145.5086297	171.0990486
232.6259993	169.8576567
482.4623671	167.0944432
610.4530561	165.2056962
755.5689131	163.3860759
863.4820734	162.1202532
1139.580328	158.8383363
1405.521528	155.9023407
1645.638912	153.0746736
1734.807484	151.8845396
1816.857211	151.0329622
1993.996469	148.8394749
2062.401088	147.9545526
2521.858557	142.9037587
2606.627736	142.0685941
2699.448341	141.1142661
2776.182731	140.1265823
2521.858557	142.9037587
2606.627736	142.0685941
2699.448341	141.1142661
2776.182731	140.1265823
