11.29693798	171.5348101
42.46672899	171.424898
129.6489692	171.0543942
223.1277845	170.0668943
303.9323662	169.2248402
406.0535146	168.3640737
501.1225249	167.4378142
583.19876	166.5197413
664.3989661	165.6671615
771.3481102	164.5782323
858.490664	163.6749379
963.240723	162.6287494
1058.922814	161.6547735
1141.70489	160.7516704
1230.826678	159.8106749
1318.955719	158.8465229
1396.191058	157.9834174
1472.435898	157.127329
1563.519021	155.9083554
1667.618328	154.5730981
1764.17863	153.971519
1872.074111	152.4683544
1976.233411	150.806962
2065.524598	149.5411392
2151.067817	147.9588608
2244.065719	146.4556962
2322.166042	144.9525316
2407.691582	143.1329114
2530.366782	140.0474684
2638.185654	137.5158228
2675.335313	136.25
2745.957382	134.3512658
